730
677
103
411
441
447 476
415 108
615 242
938
998
58 94
372 749
900
221 418
435
658
1
268
420
299
764
741
219
255
723
270 810
667
378
70
548 432
497
275
54 27
754
572 598
697 953
39
831
802
970
575
240
854
694
925
592
41
77
656
910 350
374
241
6 144
433
748
614
986
342
360
412
295 774
626
429
132
546
959
391
218 705
478 443
957 581
627
860
133 64
884 564
722
21
203
334
119 568
736
541
465 253
555
743
533
737 353
827
771
742
790
431
871 828
702
648
691
177
292
621
693
836
747
678
176
506
7
731 207
361
625 949
539
396
73
537 974
440
389
209
788 55
314
377
540
842
708
417 587
961 916
613
727
724
189
527 168
373 927
934 824
340
859
687
379
399 943
975
230
611
758 131
155 264
655
61 720
45
683 382
367
610
918 165
772
930 744
797 297
509
707
2 993
327 15
488
422 128
594
972
351
516
464 662
976
779
895
254
88 227
825 909
948
987
419 873
733
364
81
450
228
375 490
122
248 143
438 59
785
43
296
306 542
905
316
834 40
370
91 566
933
989
580 337
973 82
453
619 620
142
584
436
639
196
247
642
917
305
902 413
33
826
766
100
493
631 79
913
746
170
102 445
804
847 666
899
718
906
775
251
384 798
761
256 668
637 52
309
601 51
34
263 578
511 12
878
401 503
557
850
354
892 915
213
281
106
231 716
853 796
712
815
211
409 622
461 685
889
664 882
818 636
657 984
205
289 363
236 599
83
53 582
812
777
282
547 188
320
333
430
186
113
585 57
395 494
757
844
60
786
335 558
197
202
728
504
942
911 980
96 130
97 868
457
232
393
140
98
684 600
571 405
302
171 586
66 152
259 793
416
414 114
85 689
679
819
574
807
717 544
274
127
286
692
739
244 858
605
964
442
78
74
926
112
368 388
500
284
398 307
56
593
310 466
343 806
676 123
400
530
10 958
226 563
179
701 808
813 31
319
792
151 238
682
814 696
261
138 891
17
387
357
125
421
166
301
229
329
376 437
931
801 124
780
110
187
671
328
470 789
278
565
206 982
549
729
865
669
267
303
348
439
551
951
570
849
863
145
704
174
279
663
870
427 753
554
157 901
199 967
89
924
640
522 628
380
711 117
311
523 534
944
347
644
851
469 759
907
811
843
756
634 618
277
423
730
894 449
308
159
857 146
877
532
338 630
216
298
11
561
783 118
294
726 800
36 518
408 474
768
755
75
734
616
971
881 341
680
25
602
29
698 243
674 513
591
32 160
981 681
390 324
4
590 833
473
481 709
92
979 250
260
978
649
767
799
167
867
520
135
208
852
524 336
164
344 603
519
235
172 195
588
576
560
62
8 86
318 675
510 126
794 838
700 876
80 304
463
47 498
552 752
487 769
359 740
321 947
597
468
641
458 482
936
111
239
738
635 257
633 345
26 69
996 426
326
502
225
688
866 715
888
148
940 410
822
763 897
104 30
371 285
946 535
67 161
879 137
141
38
672
245
215 673
339 262
776
643 191
661 861
325
217
929 18
24
99 553
194
467
525 223
782 101
249 185
713
795 817
499
521 883
134 735
233
545 403
455 651
515
9
985 269
105 781
330 153
234 175
483
154
158 903
920 710
178
573 595
300
424 484
932 224
880
87
273 945
121
201
190 150
369
486
690
778
632 183
645
983
966
652
149
805 528
349
862 856
491
107
93 919
472
670 366
42
276
829
16
686 577
222
514
489
37 990
886
76 612
988 999
695 116
397
623
381
848
765 835
3
428 750
732
355 115
475 832
869
0 280
460
784
646
50
266 156
569
68 928
653 434
5
198 617
139
650
526
845
830
48
955
538
875
214 386
874
220
529 20
293
992
356
90
283
322 904
968 84
624 495
452 608
660 501
65 991
706
562 937
638
939
846 589
821
816 837
46 95
71 721
896
480
604
28
456
120
313
402 872
505
63
352
22
181
444 898
317
760 237
136
72 714
950
908
173 492
346
954
332
204 751
935
315
288 665
287
606
13
517 454
969
19
312
787
531
479
477
559
887
272
923
556
609 252
855
567
536
960 659
147 169
23
596
809
921
485
803
451
745
407 773
365 385
383 995
963
462
912 770
163 496
291 290
864
997
647
109
820
579 200
583 699
956 182
323
914
448
49 271
425
823
265
841 471
965 459
193
331 246
962
719
550
358
543 840
629
180 885
44 394
258
210
508
406
446
890
